{
 "cells": [
  {
   "cell_type": "code",
   "execution_count": 1,
   "id": "bbb85b7f",
   "metadata": {},
   "outputs": [
    {
     "data": {
      "text/html": [
       "<div>\n",
       "<style scoped>\n",
       "    .dataframe tbody tr th:only-of-type {\n",
       "        vertical-align: middle;\n",
       "    }\n",
       "\n",
       "    .dataframe tbody tr th {\n",
       "        vertical-align: top;\n",
       "    }\n",
       "\n",
       "    .dataframe thead th {\n",
       "        text-align: right;\n",
       "    }\n",
       "</style>\n",
       "<table border=\"1\" class=\"dataframe\">\n",
       "  <thead>\n",
       "    <tr style=\"text-align: right;\">\n",
       "      <th></th>\n",
       "      <th>symboling</th>\n",
       "      <th>normalized-losses</th>\n",
       "      <th>make</th>\n",
       "      <th>num-of-doors</th>\n",
       "      <th>body-style</th>\n",
       "      <th>drive-wheels</th>\n",
       "      <th>engine-location</th>\n",
       "      <th>wheel-base</th>\n",
       "      <th>length</th>\n",
       "      <th>width</th>\n",
       "      <th>...</th>\n",
       "      <th>compression-ratio</th>\n",
       "      <th>peak-rpm</th>\n",
       "      <th>city-L/100km</th>\n",
       "      <th>highway-L/100km</th>\n",
       "      <th>price</th>\n",
       "      <th>horsepower-binned</th>\n",
       "      <th>fuel-type-diesel</th>\n",
       "      <th>fuel-type-gas</th>\n",
       "      <th>aspiration_std</th>\n",
       "      <th>aspiration_turbo</th>\n",
       "    </tr>\n",
       "  </thead>\n",
       "  <tbody>\n",
       "    <tr>\n",
       "      <th>0</th>\n",
       "      <td>3</td>\n",
       "      <td>122</td>\n",
       "      <td>alfa-romero</td>\n",
       "      <td>two</td>\n",
       "      <td>convertible</td>\n",
       "      <td>rwd</td>\n",
       "      <td>front</td>\n",
       "      <td>88.6</td>\n",
       "      <td>0.811148</td>\n",
       "      <td>0.890278</td>\n",
       "      <td>...</td>\n",
       "      <td>9.0</td>\n",
       "      <td>5000.0</td>\n",
       "      <td>11.190476</td>\n",
       "      <td>8.703704</td>\n",
       "      <td>13495.0</td>\n",
       "      <td>Low</td>\n",
       "      <td>0</td>\n",
       "      <td>1</td>\n",
       "      <td>1</td>\n",
       "      <td>0</td>\n",
       "    </tr>\n",
       "    <tr>\n",
       "      <th>1</th>\n",
       "      <td>3</td>\n",
       "      <td>122</td>\n",
       "      <td>alfa-romero</td>\n",
       "      <td>two</td>\n",
       "      <td>convertible</td>\n",
       "      <td>rwd</td>\n",
       "      <td>front</td>\n",
       "      <td>88.6</td>\n",
       "      <td>0.811148</td>\n",
       "      <td>0.890278</td>\n",
       "      <td>...</td>\n",
       "      <td>9.0</td>\n",
       "      <td>5000.0</td>\n",
       "      <td>11.190476</td>\n",
       "      <td>8.703704</td>\n",
       "      <td>16500.0</td>\n",
       "      <td>Low</td>\n",
       "      <td>0</td>\n",
       "      <td>1</td>\n",
       "      <td>1</td>\n",
       "      <td>0</td>\n",
       "    </tr>\n",
       "    <tr>\n",
       "      <th>2</th>\n",
       "      <td>1</td>\n",
       "      <td>122</td>\n",
       "      <td>alfa-romero</td>\n",
       "      <td>two</td>\n",
       "      <td>hatchback</td>\n",
       "      <td>rwd</td>\n",
       "      <td>front</td>\n",
       "      <td>94.5</td>\n",
       "      <td>0.822681</td>\n",
       "      <td>0.909722</td>\n",
       "      <td>...</td>\n",
       "      <td>9.0</td>\n",
       "      <td>5000.0</td>\n",
       "      <td>12.368421</td>\n",
       "      <td>9.038462</td>\n",
       "      <td>16500.0</td>\n",
       "      <td>Medium</td>\n",
       "      <td>0</td>\n",
       "      <td>1</td>\n",
       "      <td>1</td>\n",
       "      <td>0</td>\n",
       "    </tr>\n",
       "    <tr>\n",
       "      <th>3</th>\n",
       "      <td>2</td>\n",
       "      <td>164</td>\n",
       "      <td>audi</td>\n",
       "      <td>four</td>\n",
       "      <td>sedan</td>\n",
       "      <td>fwd</td>\n",
       "      <td>front</td>\n",
       "      <td>99.8</td>\n",
       "      <td>0.848630</td>\n",
       "      <td>0.919444</td>\n",
       "      <td>...</td>\n",
       "      <td>10.0</td>\n",
       "      <td>5500.0</td>\n",
       "      <td>9.791667</td>\n",
       "      <td>7.833333</td>\n",
       "      <td>13950.0</td>\n",
       "      <td>Low</td>\n",
       "      <td>0</td>\n",
       "      <td>1</td>\n",
       "      <td>1</td>\n",
       "      <td>0</td>\n",
       "    </tr>\n",
       "    <tr>\n",
       "      <th>4</th>\n",
       "      <td>2</td>\n",
       "      <td>164</td>\n",
       "      <td>audi</td>\n",
       "      <td>four</td>\n",
       "      <td>sedan</td>\n",
       "      <td>4wd</td>\n",
       "      <td>front</td>\n",
       "      <td>99.4</td>\n",
       "      <td>0.848630</td>\n",
       "      <td>0.922222</td>\n",
       "      <td>...</td>\n",
       "      <td>8.0</td>\n",
       "      <td>5500.0</td>\n",
       "      <td>13.055556</td>\n",
       "      <td>10.681818</td>\n",
       "      <td>17450.0</td>\n",
       "      <td>Low</td>\n",
       "      <td>0</td>\n",
       "      <td>1</td>\n",
       "      <td>1</td>\n",
       "      <td>0</td>\n",
       "    </tr>\n",
       "  </tbody>\n",
       "</table>\n",
       "<p>5 rows × 28 columns</p>\n",
       "</div>"
      ],
      "text/plain": [
       "   symboling  normalized-losses         make num-of-doors   body-style  \\\n",
       "0          3                122  alfa-romero          two  convertible   \n",
       "1          3                122  alfa-romero          two  convertible   \n",
       "2          1                122  alfa-romero          two    hatchback   \n",
       "3          2                164         audi         four        sedan   \n",
       "4          2                164         audi         four        sedan   \n",
       "\n",
       "  drive-wheels engine-location  wheel-base    length     width  ...  \\\n",
       "0          rwd           front        88.6  0.811148  0.890278  ...   \n",
       "1          rwd           front        88.6  0.811148  0.890278  ...   \n",
       "2          rwd           front        94.5  0.822681  0.909722  ...   \n",
       "3          fwd           front        99.8  0.848630  0.919444  ...   \n",
       "4          4wd           front        99.4  0.848630  0.922222  ...   \n",
       "\n",
       "   compression-ratio  peak-rpm city-L/100km highway-L/100km    price  \\\n",
       "0                9.0    5000.0    11.190476        8.703704  13495.0   \n",
       "1                9.0    5000.0    11.190476        8.703704  16500.0   \n",
       "2                9.0    5000.0    12.368421        9.038462  16500.0   \n",
       "3               10.0    5500.0     9.791667        7.833333  13950.0   \n",
       "4                8.0    5500.0    13.055556       10.681818  17450.0   \n",
       "\n",
       "  horsepower-binned  fuel-type-diesel  fuel-type-gas  aspiration_std  \\\n",
       "0               Low                 0              1               1   \n",
       "1               Low                 0              1               1   \n",
       "2            Medium                 0              1               1   \n",
       "3               Low                 0              1               1   \n",
       "4               Low                 0              1               1   \n",
       "\n",
       "   aspiration_turbo  \n",
       "0                 0  \n",
       "1                 0  \n",
       "2                 0  \n",
       "3                 0  \n",
       "4                 0  \n",
       "\n",
       "[5 rows x 28 columns]"
      ]
     },
     "execution_count": 1,
     "metadata": {},
     "output_type": "execute_result"
    }
   ],
   "source": [
    "\n",
    "import os\n",
    "import pandas as pd\n",
    "import numpy as np\n",
    "import seaborn as sns\n",
    "import matplotlib.pyplot as plt\n",
    "%matplotlib inline\n",
    "\n",
    "\n",
    "\n",
    "\n",
    "file_path=\"C:/Users/vince/Data_science_projects/car_price_prediction1/data/clean_data/car_pricing_cleaned_data.csv\"\n",
    "df=pd.read_csv(file_path) \n",
    "df.head(5)"
   ]
  },
  {
   "cell_type": "markdown",
   "id": "d9ed4788",
   "metadata": {},
   "source": [
    "<h4>How to choose the right visualization method?</h4>\n",
    "<p>When visualizing individual variables, it is important to first understand what type of variable you are dealing with. This will help us find the right visualization method for that variable.</p>"
   ]
  },
  {
   "cell_type": "code",
   "execution_count": 2,
   "id": "53b849d4",
   "metadata": {},
   "outputs": [
    {
     "data": {
      "text/plain": [
       "symboling              int64\n",
       "normalized-losses      int64\n",
       "make                  object\n",
       "num-of-doors          object\n",
       "body-style            object\n",
       "drive-wheels          object\n",
       "engine-location       object\n",
       "wheel-base           float64\n",
       "length               float64\n",
       "width                float64\n",
       "height               float64\n",
       "curb-weight            int64\n",
       "engine-type           object\n",
       "num-of-cylinders      object\n",
       "engine-size            int64\n",
       "fuel-system           object\n",
       "bore                 float64\n",
       "stroke               float64\n",
       "compression-ratio    float64\n",
       "peak-rpm             float64\n",
       "city-L/100km         float64\n",
       "highway-L/100km      float64\n",
       "price                float64\n",
       "horsepower-binned     object\n",
       "fuel-type-diesel       int64\n",
       "fuel-type-gas          int64\n",
       "aspiration_std         int64\n",
       "aspiration_turbo       int64\n",
       "dtype: object"
      ]
     },
     "execution_count": 2,
     "metadata": {},
     "output_type": "execute_result"
    }
   ],
   "source": [
    "df.dtypes"
   ]
  },
  {
   "cell_type": "markdown",
   "id": "48d5a602",
   "metadata": {},
   "source": [
    "calculating the correlation between variables  of type \"int64\" or \"float64\" using the method \"corr\":"
   ]
  },
  {
   "cell_type": "code",
   "execution_count": 3,
   "id": "0649ff17",
   "metadata": {},
   "outputs": [
    {
     "data": {
      "text/html": [
       "<div>\n",
       "<style scoped>\n",
       "    .dataframe tbody tr th:only-of-type {\n",
       "        vertical-align: middle;\n",
       "    }\n",
       "\n",
       "    .dataframe tbody tr th {\n",
       "        vertical-align: top;\n",
       "    }\n",
       "\n",
       "    .dataframe thead th {\n",
       "        text-align: right;\n",
       "    }\n",
       "</style>\n",
       "<table border=\"1\" class=\"dataframe\">\n",
       "  <thead>\n",
       "    <tr style=\"text-align: right;\">\n",
       "      <th></th>\n",
       "      <th>symboling</th>\n",
       "      <th>normalized-losses</th>\n",
       "      <th>wheel-base</th>\n",
       "      <th>length</th>\n",
       "      <th>width</th>\n",
       "      <th>height</th>\n",
       "      <th>curb-weight</th>\n",
       "      <th>engine-size</th>\n",
       "      <th>bore</th>\n",
       "      <th>stroke</th>\n",
       "      <th>compression-ratio</th>\n",
       "      <th>peak-rpm</th>\n",
       "      <th>city-L/100km</th>\n",
       "      <th>highway-L/100km</th>\n",
       "      <th>price</th>\n",
       "      <th>fuel-type-diesel</th>\n",
       "      <th>fuel-type-gas</th>\n",
       "      <th>aspiration_std</th>\n",
       "      <th>aspiration_turbo</th>\n",
       "    </tr>\n",
       "  </thead>\n",
       "  <tbody>\n",
       "    <tr>\n",
       "      <th>symboling</th>\n",
       "      <td>1.000000</td>\n",
       "      <td>0.466264</td>\n",
       "      <td>-0.535987</td>\n",
       "      <td>-0.365404</td>\n",
       "      <td>-0.242423</td>\n",
       "      <td>-0.550160</td>\n",
       "      <td>-0.233118</td>\n",
       "      <td>-0.110581</td>\n",
       "      <td>-0.140019</td>\n",
       "      <td>-0.008153</td>\n",
       "      <td>-0.182196</td>\n",
       "      <td>0.280635</td>\n",
       "      <td>0.066171</td>\n",
       "      <td>-0.029807</td>\n",
       "      <td>-0.082391</td>\n",
       "      <td>-0.196735</td>\n",
       "      <td>0.196735</td>\n",
       "      <td>0.054615</td>\n",
       "      <td>-0.054615</td>\n",
       "    </tr>\n",
       "    <tr>\n",
       "      <th>normalized-losses</th>\n",
       "      <td>0.466264</td>\n",
       "      <td>1.000000</td>\n",
       "      <td>-0.056661</td>\n",
       "      <td>0.019424</td>\n",
       "      <td>0.086802</td>\n",
       "      <td>-0.373737</td>\n",
       "      <td>0.099404</td>\n",
       "      <td>0.112360</td>\n",
       "      <td>-0.029862</td>\n",
       "      <td>0.055045</td>\n",
       "      <td>-0.114713</td>\n",
       "      <td>0.239544</td>\n",
       "      <td>0.238567</td>\n",
       "      <td>0.181189</td>\n",
       "      <td>0.133999</td>\n",
       "      <td>-0.101546</td>\n",
       "      <td>0.101546</td>\n",
       "      <td>0.006911</td>\n",
       "      <td>-0.006911</td>\n",
       "    </tr>\n",
       "    <tr>\n",
       "      <th>wheel-base</th>\n",
       "      <td>-0.535987</td>\n",
       "      <td>-0.056661</td>\n",
       "      <td>1.000000</td>\n",
       "      <td>0.876024</td>\n",
       "      <td>0.814507</td>\n",
       "      <td>0.590742</td>\n",
       "      <td>0.782097</td>\n",
       "      <td>0.572027</td>\n",
       "      <td>0.493244</td>\n",
       "      <td>0.158018</td>\n",
       "      <td>0.250313</td>\n",
       "      <td>-0.360593</td>\n",
       "      <td>0.476153</td>\n",
       "      <td>0.577576</td>\n",
       "      <td>0.584642</td>\n",
       "      <td>0.307237</td>\n",
       "      <td>-0.307237</td>\n",
       "      <td>-0.256889</td>\n",
       "      <td>0.256889</td>\n",
       "    </tr>\n",
       "    <tr>\n",
       "      <th>length</th>\n",
       "      <td>-0.365404</td>\n",
       "      <td>0.019424</td>\n",
       "      <td>0.876024</td>\n",
       "      <td>1.000000</td>\n",
       "      <td>0.857170</td>\n",
       "      <td>0.492063</td>\n",
       "      <td>0.880665</td>\n",
       "      <td>0.685025</td>\n",
       "      <td>0.608971</td>\n",
       "      <td>0.123952</td>\n",
       "      <td>0.159733</td>\n",
       "      <td>-0.286321</td>\n",
       "      <td>0.657373</td>\n",
       "      <td>0.707108</td>\n",
       "      <td>0.690628</td>\n",
       "      <td>0.211187</td>\n",
       "      <td>-0.211187</td>\n",
       "      <td>-0.230085</td>\n",
       "      <td>0.230085</td>\n",
       "    </tr>\n",
       "    <tr>\n",
       "      <th>width</th>\n",
       "      <td>-0.242423</td>\n",
       "      <td>0.086802</td>\n",
       "      <td>0.814507</td>\n",
       "      <td>0.857170</td>\n",
       "      <td>1.000000</td>\n",
       "      <td>0.306002</td>\n",
       "      <td>0.866201</td>\n",
       "      <td>0.729436</td>\n",
       "      <td>0.544885</td>\n",
       "      <td>0.188822</td>\n",
       "      <td>0.189867</td>\n",
       "      <td>-0.245975</td>\n",
       "      <td>0.673363</td>\n",
       "      <td>0.736728</td>\n",
       "      <td>0.751265</td>\n",
       "      <td>0.244356</td>\n",
       "      <td>-0.244356</td>\n",
       "      <td>-0.305732</td>\n",
       "      <td>0.305732</td>\n",
       "    </tr>\n",
       "    <tr>\n",
       "      <th>height</th>\n",
       "      <td>-0.550160</td>\n",
       "      <td>-0.373737</td>\n",
       "      <td>0.590742</td>\n",
       "      <td>0.492063</td>\n",
       "      <td>0.306002</td>\n",
       "      <td>1.000000</td>\n",
       "      <td>0.307581</td>\n",
       "      <td>0.074694</td>\n",
       "      <td>0.180449</td>\n",
       "      <td>-0.060663</td>\n",
       "      <td>0.259737</td>\n",
       "      <td>-0.311574</td>\n",
       "      <td>0.003811</td>\n",
       "      <td>0.084301</td>\n",
       "      <td>0.135486</td>\n",
       "      <td>0.281578</td>\n",
       "      <td>-0.281578</td>\n",
       "      <td>-0.090336</td>\n",
       "      <td>0.090336</td>\n",
       "    </tr>\n",
       "    <tr>\n",
       "      <th>curb-weight</th>\n",
       "      <td>-0.233118</td>\n",
       "      <td>0.099404</td>\n",
       "      <td>0.782097</td>\n",
       "      <td>0.880665</td>\n",
       "      <td>0.866201</td>\n",
       "      <td>0.307581</td>\n",
       "      <td>1.000000</td>\n",
       "      <td>0.849072</td>\n",
       "      <td>0.644060</td>\n",
       "      <td>0.167438</td>\n",
       "      <td>0.156433</td>\n",
       "      <td>-0.279375</td>\n",
       "      <td>0.785353</td>\n",
       "      <td>0.836921</td>\n",
       "      <td>0.834415</td>\n",
       "      <td>0.221046</td>\n",
       "      <td>-0.221046</td>\n",
       "      <td>-0.321955</td>\n",
       "      <td>0.321955</td>\n",
       "    </tr>\n",
       "    <tr>\n",
       "      <th>engine-size</th>\n",
       "      <td>-0.110581</td>\n",
       "      <td>0.112360</td>\n",
       "      <td>0.572027</td>\n",
       "      <td>0.685025</td>\n",
       "      <td>0.729436</td>\n",
       "      <td>0.074694</td>\n",
       "      <td>0.849072</td>\n",
       "      <td>1.000000</td>\n",
       "      <td>0.572609</td>\n",
       "      <td>0.205928</td>\n",
       "      <td>0.028889</td>\n",
       "      <td>-0.256773</td>\n",
       "      <td>0.745059</td>\n",
       "      <td>0.783465</td>\n",
       "      <td>0.872335</td>\n",
       "      <td>0.070779</td>\n",
       "      <td>-0.070779</td>\n",
       "      <td>-0.110040</td>\n",
       "      <td>0.110040</td>\n",
       "    </tr>\n",
       "    <tr>\n",
       "      <th>bore</th>\n",
       "      <td>-0.140019</td>\n",
       "      <td>-0.029862</td>\n",
       "      <td>0.493244</td>\n",
       "      <td>0.608971</td>\n",
       "      <td>0.544885</td>\n",
       "      <td>0.180449</td>\n",
       "      <td>0.644060</td>\n",
       "      <td>0.572609</td>\n",
       "      <td>1.000000</td>\n",
       "      <td>-0.055390</td>\n",
       "      <td>0.001263</td>\n",
       "      <td>-0.267785</td>\n",
       "      <td>0.554610</td>\n",
       "      <td>0.559112</td>\n",
       "      <td>0.543155</td>\n",
       "      <td>0.054458</td>\n",
       "      <td>-0.054458</td>\n",
       "      <td>-0.227816</td>\n",
       "      <td>0.227816</td>\n",
       "    </tr>\n",
       "    <tr>\n",
       "      <th>stroke</th>\n",
       "      <td>-0.008153</td>\n",
       "      <td>0.055045</td>\n",
       "      <td>0.158018</td>\n",
       "      <td>0.123952</td>\n",
       "      <td>0.188822</td>\n",
       "      <td>-0.060663</td>\n",
       "      <td>0.167438</td>\n",
       "      <td>0.205928</td>\n",
       "      <td>-0.055390</td>\n",
       "      <td>1.000000</td>\n",
       "      <td>0.187871</td>\n",
       "      <td>-0.065272</td>\n",
       "      <td>0.036133</td>\n",
       "      <td>0.047089</td>\n",
       "      <td>0.082269</td>\n",
       "      <td>0.241064</td>\n",
       "      <td>-0.241064</td>\n",
       "      <td>-0.218233</td>\n",
       "      <td>0.218233</td>\n",
       "    </tr>\n",
       "    <tr>\n",
       "      <th>compression-ratio</th>\n",
       "      <td>-0.182196</td>\n",
       "      <td>-0.114713</td>\n",
       "      <td>0.250313</td>\n",
       "      <td>0.159733</td>\n",
       "      <td>0.189867</td>\n",
       "      <td>0.259737</td>\n",
       "      <td>0.156433</td>\n",
       "      <td>0.028889</td>\n",
       "      <td>0.001263</td>\n",
       "      <td>0.187871</td>\n",
       "      <td>1.000000</td>\n",
       "      <td>-0.436015</td>\n",
       "      <td>-0.299372</td>\n",
       "      <td>-0.223361</td>\n",
       "      <td>0.071107</td>\n",
       "      <td>0.985231</td>\n",
       "      <td>-0.985231</td>\n",
       "      <td>-0.307522</td>\n",
       "      <td>0.307522</td>\n",
       "    </tr>\n",
       "    <tr>\n",
       "      <th>peak-rpm</th>\n",
       "      <td>0.280635</td>\n",
       "      <td>0.239544</td>\n",
       "      <td>-0.360593</td>\n",
       "      <td>-0.286321</td>\n",
       "      <td>-0.245975</td>\n",
       "      <td>-0.311574</td>\n",
       "      <td>-0.279375</td>\n",
       "      <td>-0.256773</td>\n",
       "      <td>-0.267785</td>\n",
       "      <td>-0.065272</td>\n",
       "      <td>-0.436015</td>\n",
       "      <td>1.000000</td>\n",
       "      <td>0.115819</td>\n",
       "      <td>0.017741</td>\n",
       "      <td>-0.101649</td>\n",
       "      <td>-0.476023</td>\n",
       "      <td>0.476023</td>\n",
       "      <td>0.190190</td>\n",
       "      <td>-0.190190</td>\n",
       "    </tr>\n",
       "    <tr>\n",
       "      <th>city-L/100km</th>\n",
       "      <td>0.066171</td>\n",
       "      <td>0.238567</td>\n",
       "      <td>0.476153</td>\n",
       "      <td>0.657373</td>\n",
       "      <td>0.673363</td>\n",
       "      <td>0.003811</td>\n",
       "      <td>0.785353</td>\n",
       "      <td>0.745059</td>\n",
       "      <td>0.554610</td>\n",
       "      <td>0.036133</td>\n",
       "      <td>-0.299372</td>\n",
       "      <td>0.115819</td>\n",
       "      <td>1.000000</td>\n",
       "      <td>0.958306</td>\n",
       "      <td>0.789898</td>\n",
       "      <td>-0.241282</td>\n",
       "      <td>0.241282</td>\n",
       "      <td>-0.157578</td>\n",
       "      <td>0.157578</td>\n",
       "    </tr>\n",
       "    <tr>\n",
       "      <th>highway-L/100km</th>\n",
       "      <td>-0.029807</td>\n",
       "      <td>0.181189</td>\n",
       "      <td>0.577576</td>\n",
       "      <td>0.707108</td>\n",
       "      <td>0.736728</td>\n",
       "      <td>0.084301</td>\n",
       "      <td>0.836921</td>\n",
       "      <td>0.783465</td>\n",
       "      <td>0.559112</td>\n",
       "      <td>0.047089</td>\n",
       "      <td>-0.223361</td>\n",
       "      <td>0.017741</td>\n",
       "      <td>0.958306</td>\n",
       "      <td>1.000000</td>\n",
       "      <td>0.801118</td>\n",
       "      <td>-0.158091</td>\n",
       "      <td>0.158091</td>\n",
       "      <td>-0.210720</td>\n",
       "      <td>0.210720</td>\n",
       "    </tr>\n",
       "    <tr>\n",
       "      <th>price</th>\n",
       "      <td>-0.082391</td>\n",
       "      <td>0.133999</td>\n",
       "      <td>0.584642</td>\n",
       "      <td>0.690628</td>\n",
       "      <td>0.751265</td>\n",
       "      <td>0.135486</td>\n",
       "      <td>0.834415</td>\n",
       "      <td>0.872335</td>\n",
       "      <td>0.543155</td>\n",
       "      <td>0.082269</td>\n",
       "      <td>0.071107</td>\n",
       "      <td>-0.101649</td>\n",
       "      <td>0.789898</td>\n",
       "      <td>0.801118</td>\n",
       "      <td>1.000000</td>\n",
       "      <td>0.110326</td>\n",
       "      <td>-0.110326</td>\n",
       "      <td>-0.179578</td>\n",
       "      <td>0.179578</td>\n",
       "    </tr>\n",
       "    <tr>\n",
       "      <th>fuel-type-diesel</th>\n",
       "      <td>-0.196735</td>\n",
       "      <td>-0.101546</td>\n",
       "      <td>0.307237</td>\n",
       "      <td>0.211187</td>\n",
       "      <td>0.244356</td>\n",
       "      <td>0.281578</td>\n",
       "      <td>0.221046</td>\n",
       "      <td>0.070779</td>\n",
       "      <td>0.054458</td>\n",
       "      <td>0.241064</td>\n",
       "      <td>0.985231</td>\n",
       "      <td>-0.476023</td>\n",
       "      <td>-0.241282</td>\n",
       "      <td>-0.158091</td>\n",
       "      <td>0.110326</td>\n",
       "      <td>1.000000</td>\n",
       "      <td>-1.000000</td>\n",
       "      <td>-0.408228</td>\n",
       "      <td>0.408228</td>\n",
       "    </tr>\n",
       "    <tr>\n",
       "      <th>fuel-type-gas</th>\n",
       "      <td>0.196735</td>\n",
       "      <td>0.101546</td>\n",
       "      <td>-0.307237</td>\n",
       "      <td>-0.211187</td>\n",
       "      <td>-0.244356</td>\n",
       "      <td>-0.281578</td>\n",
       "      <td>-0.221046</td>\n",
       "      <td>-0.070779</td>\n",
       "      <td>-0.054458</td>\n",
       "      <td>-0.241064</td>\n",
       "      <td>-0.985231</td>\n",
       "      <td>0.476023</td>\n",
       "      <td>0.241282</td>\n",
       "      <td>0.158091</td>\n",
       "      <td>-0.110326</td>\n",
       "      <td>-1.000000</td>\n",
       "      <td>1.000000</td>\n",
       "      <td>0.408228</td>\n",
       "      <td>-0.408228</td>\n",
       "    </tr>\n",
       "    <tr>\n",
       "      <th>aspiration_std</th>\n",
       "      <td>0.054615</td>\n",
       "      <td>0.006911</td>\n",
       "      <td>-0.256889</td>\n",
       "      <td>-0.230085</td>\n",
       "      <td>-0.305732</td>\n",
       "      <td>-0.090336</td>\n",
       "      <td>-0.321955</td>\n",
       "      <td>-0.110040</td>\n",
       "      <td>-0.227816</td>\n",
       "      <td>-0.218233</td>\n",
       "      <td>-0.307522</td>\n",
       "      <td>0.190190</td>\n",
       "      <td>-0.157578</td>\n",
       "      <td>-0.210720</td>\n",
       "      <td>-0.179578</td>\n",
       "      <td>-0.408228</td>\n",
       "      <td>0.408228</td>\n",
       "      <td>1.000000</td>\n",
       "      <td>-1.000000</td>\n",
       "    </tr>\n",
       "    <tr>\n",
       "      <th>aspiration_turbo</th>\n",
       "      <td>-0.054615</td>\n",
       "      <td>-0.006911</td>\n",
       "      <td>0.256889</td>\n",
       "      <td>0.230085</td>\n",
       "      <td>0.305732</td>\n",
       "      <td>0.090336</td>\n",
       "      <td>0.321955</td>\n",
       "      <td>0.110040</td>\n",
       "      <td>0.227816</td>\n",
       "      <td>0.218233</td>\n",
       "      <td>0.307522</td>\n",
       "      <td>-0.190190</td>\n",
       "      <td>0.157578</td>\n",
       "      <td>0.210720</td>\n",
       "      <td>0.179578</td>\n",
       "      <td>0.408228</td>\n",
       "      <td>-0.408228</td>\n",
       "      <td>-1.000000</td>\n",
       "      <td>1.000000</td>\n",
       "    </tr>\n",
       "  </tbody>\n",
       "</table>\n",
       "</div>"
      ],
      "text/plain": [
       "                   symboling  normalized-losses  wheel-base    length  \\\n",
       "symboling           1.000000           0.466264   -0.535987 -0.365404   \n",
       "normalized-losses   0.466264           1.000000   -0.056661  0.019424   \n",
       "wheel-base         -0.535987          -0.056661    1.000000  0.876024   \n",
       "length             -0.365404           0.019424    0.876024  1.000000   \n",
       "width              -0.242423           0.086802    0.814507  0.857170   \n",
       "height             -0.550160          -0.373737    0.590742  0.492063   \n",
       "curb-weight        -0.233118           0.099404    0.782097  0.880665   \n",
       "engine-size        -0.110581           0.112360    0.572027  0.685025   \n",
       "bore               -0.140019          -0.029862    0.493244  0.608971   \n",
       "stroke             -0.008153           0.055045    0.158018  0.123952   \n",
       "compression-ratio  -0.182196          -0.114713    0.250313  0.159733   \n",
       "peak-rpm            0.280635           0.239544   -0.360593 -0.286321   \n",
       "city-L/100km        0.066171           0.238567    0.476153  0.657373   \n",
       "highway-L/100km    -0.029807           0.181189    0.577576  0.707108   \n",
       "price              -0.082391           0.133999    0.584642  0.690628   \n",
       "fuel-type-diesel   -0.196735          -0.101546    0.307237  0.211187   \n",
       "fuel-type-gas       0.196735           0.101546   -0.307237 -0.211187   \n",
       "aspiration_std      0.054615           0.006911   -0.256889 -0.230085   \n",
       "aspiration_turbo   -0.054615          -0.006911    0.256889  0.230085   \n",
       "\n",
       "                      width    height  curb-weight  engine-size      bore  \\\n",
       "symboling         -0.242423 -0.550160    -0.233118    -0.110581 -0.140019   \n",
       "normalized-losses  0.086802 -0.373737     0.099404     0.112360 -0.029862   \n",
       "wheel-base         0.814507  0.590742     0.782097     0.572027  0.493244   \n",
       "length             0.857170  0.492063     0.880665     0.685025  0.608971   \n",
       "width              1.000000  0.306002     0.866201     0.729436  0.544885   \n",
       "height             0.306002  1.000000     0.307581     0.074694  0.180449   \n",
       "curb-weight        0.866201  0.307581     1.000000     0.849072  0.644060   \n",
       "engine-size        0.729436  0.074694     0.849072     1.000000  0.572609   \n",
       "bore               0.544885  0.180449     0.644060     0.572609  1.000000   \n",
       "stroke             0.188822 -0.060663     0.167438     0.205928 -0.055390   \n",
       "compression-ratio  0.189867  0.259737     0.156433     0.028889  0.001263   \n",
       "peak-rpm          -0.245975 -0.311574    -0.279375    -0.256773 -0.267785   \n",
       "city-L/100km       0.673363  0.003811     0.785353     0.745059  0.554610   \n",
       "highway-L/100km    0.736728  0.084301     0.836921     0.783465  0.559112   \n",
       "price              0.751265  0.135486     0.834415     0.872335  0.543155   \n",
       "fuel-type-diesel   0.244356  0.281578     0.221046     0.070779  0.054458   \n",
       "fuel-type-gas     -0.244356 -0.281578    -0.221046    -0.070779 -0.054458   \n",
       "aspiration_std    -0.305732 -0.090336    -0.321955    -0.110040 -0.227816   \n",
       "aspiration_turbo   0.305732  0.090336     0.321955     0.110040  0.227816   \n",
       "\n",
       "                     stroke  compression-ratio  peak-rpm  city-L/100km  \\\n",
       "symboling         -0.008153          -0.182196  0.280635      0.066171   \n",
       "normalized-losses  0.055045          -0.114713  0.239544      0.238567   \n",
       "wheel-base         0.158018           0.250313 -0.360593      0.476153   \n",
       "length             0.123952           0.159733 -0.286321      0.657373   \n",
       "width              0.188822           0.189867 -0.245975      0.673363   \n",
       "height            -0.060663           0.259737 -0.311574      0.003811   \n",
       "curb-weight        0.167438           0.156433 -0.279375      0.785353   \n",
       "engine-size        0.205928           0.028889 -0.256773      0.745059   \n",
       "bore              -0.055390           0.001263 -0.267785      0.554610   \n",
       "stroke             1.000000           0.187871 -0.065272      0.036133   \n",
       "compression-ratio  0.187871           1.000000 -0.436015     -0.299372   \n",
       "peak-rpm          -0.065272          -0.436015  1.000000      0.115819   \n",
       "city-L/100km       0.036133          -0.299372  0.115819      1.000000   \n",
       "highway-L/100km    0.047089          -0.223361  0.017741      0.958306   \n",
       "price              0.082269           0.071107 -0.101649      0.789898   \n",
       "fuel-type-diesel   0.241064           0.985231 -0.476023     -0.241282   \n",
       "fuel-type-gas     -0.241064          -0.985231  0.476023      0.241282   \n",
       "aspiration_std    -0.218233          -0.307522  0.190190     -0.157578   \n",
       "aspiration_turbo   0.218233           0.307522 -0.190190      0.157578   \n",
       "\n",
       "                   highway-L/100km     price  fuel-type-diesel  fuel-type-gas  \\\n",
       "symboling                -0.029807 -0.082391         -0.196735       0.196735   \n",
       "normalized-losses         0.181189  0.133999         -0.101546       0.101546   \n",
       "wheel-base                0.577576  0.584642          0.307237      -0.307237   \n",
       "length                    0.707108  0.690628          0.211187      -0.211187   \n",
       "width                     0.736728  0.751265          0.244356      -0.244356   \n",
       "height                    0.084301  0.135486          0.281578      -0.281578   \n",
       "curb-weight               0.836921  0.834415          0.221046      -0.221046   \n",
       "engine-size               0.783465  0.872335          0.070779      -0.070779   \n",
       "bore                      0.559112  0.543155          0.054458      -0.054458   \n",
       "stroke                    0.047089  0.082269          0.241064      -0.241064   \n",
       "compression-ratio        -0.223361  0.071107          0.985231      -0.985231   \n",
       "peak-rpm                  0.017741 -0.101649         -0.476023       0.476023   \n",
       "city-L/100km              0.958306  0.789898         -0.241282       0.241282   \n",
       "highway-L/100km           1.000000  0.801118         -0.158091       0.158091   \n",
       "price                     0.801118  1.000000          0.110326      -0.110326   \n",
       "fuel-type-diesel         -0.158091  0.110326          1.000000      -1.000000   \n",
       "fuel-type-gas             0.158091 -0.110326         -1.000000       1.000000   \n",
       "aspiration_std           -0.210720 -0.179578         -0.408228       0.408228   \n",
       "aspiration_turbo          0.210720  0.179578          0.408228      -0.408228   \n",
       "\n",
       "                   aspiration_std  aspiration_turbo  \n",
       "symboling                0.054615         -0.054615  \n",
       "normalized-losses        0.006911         -0.006911  \n",
       "wheel-base              -0.256889          0.256889  \n",
       "length                  -0.230085          0.230085  \n",
       "width                   -0.305732          0.305732  \n",
       "height                  -0.090336          0.090336  \n",
       "curb-weight             -0.321955          0.321955  \n",
       "engine-size             -0.110040          0.110040  \n",
       "bore                    -0.227816          0.227816  \n",
       "stroke                  -0.218233          0.218233  \n",
       "compression-ratio       -0.307522          0.307522  \n",
       "peak-rpm                 0.190190         -0.190190  \n",
       "city-L/100km            -0.157578          0.157578  \n",
       "highway-L/100km         -0.210720          0.210720  \n",
       "price                   -0.179578          0.179578  \n",
       "fuel-type-diesel        -0.408228          0.408228  \n",
       "fuel-type-gas            0.408228         -0.408228  \n",
       "aspiration_std           1.000000         -1.000000  \n",
       "aspiration_turbo        -1.000000          1.000000  "
      ]
     },
     "execution_count": 3,
     "metadata": {},
     "output_type": "execute_result"
    }
   ],
   "source": [
    "# Selects only numeric columns for correlation\n",
    "numeric_df = df.select_dtypes(include=['float64', 'int64'])\n",
    "numeric_df.corr()"
   ]
  },
  {
   "cell_type": "markdown",
   "id": "1a86324c",
   "metadata": {},
   "source": [
    "<div class=\"alert alert-danger alertdanger\" style=\"margin-top: 20px\">\n",
    "<h3> Task  #2: </h3>\n",
    "\n",
    "<p>Finding the correlation between the following columns: bore, stroke, compression-ratio, and normalized-losses.</p>\n",
    "<p>df[['bore','stroke','compression-ratio','horsepower']]</p>\n",
    "</div>"
   ]
  },
  {
   "cell_type": "code",
   "execution_count": 4,
   "id": "bcd49609",
   "metadata": {},
   "outputs": [
    {
     "data": {
      "text/html": [
       "<div>\n",
       "<style scoped>\n",
       "    .dataframe tbody tr th:only-of-type {\n",
       "        vertical-align: middle;\n",
       "    }\n",
       "\n",
       "    .dataframe tbody tr th {\n",
       "        vertical-align: top;\n",
       "    }\n",
       "\n",
       "    .dataframe thead th {\n",
       "        text-align: right;\n",
       "    }\n",
       "</style>\n",
       "<table border=\"1\" class=\"dataframe\">\n",
       "  <thead>\n",
       "    <tr style=\"text-align: right;\">\n",
       "      <th></th>\n",
       "      <th>bore</th>\n",
       "      <th>stroke</th>\n",
       "      <th>compression-ratio</th>\n",
       "      <th>normalized-losses</th>\n",
       "    </tr>\n",
       "  </thead>\n",
       "  <tbody>\n",
       "    <tr>\n",
       "      <th>bore</th>\n",
       "      <td>1.000000</td>\n",
       "      <td>-0.055390</td>\n",
       "      <td>0.001263</td>\n",
       "      <td>-0.029862</td>\n",
       "    </tr>\n",
       "    <tr>\n",
       "      <th>stroke</th>\n",
       "      <td>-0.055390</td>\n",
       "      <td>1.000000</td>\n",
       "      <td>0.187871</td>\n",
       "      <td>0.055045</td>\n",
       "    </tr>\n",
       "    <tr>\n",
       "      <th>compression-ratio</th>\n",
       "      <td>0.001263</td>\n",
       "      <td>0.187871</td>\n",
       "      <td>1.000000</td>\n",
       "      <td>-0.114713</td>\n",
       "    </tr>\n",
       "    <tr>\n",
       "      <th>normalized-losses</th>\n",
       "      <td>-0.029862</td>\n",
       "      <td>0.055045</td>\n",
       "      <td>-0.114713</td>\n",
       "      <td>1.000000</td>\n",
       "    </tr>\n",
       "  </tbody>\n",
       "</table>\n",
       "</div>"
      ],
      "text/plain": [
       "                       bore    stroke  compression-ratio  normalized-losses\n",
       "bore               1.000000 -0.055390           0.001263          -0.029862\n",
       "stroke            -0.055390  1.000000           0.187871           0.055045\n",
       "compression-ratio  0.001263  0.187871           1.000000          -0.114713\n",
       "normalized-losses -0.029862  0.055045          -0.114713           1.000000"
      ]
     },
     "execution_count": 4,
     "metadata": {},
     "output_type": "execute_result"
    }
   ],
   "source": [
    "df[['bore','stroke','compression-ratio','normalized-losses']].corr()"
   ]
  },
  {
   "cell_type": "markdown",
   "id": "b20f878e",
   "metadata": {},
   "source": [
    "<h2>Continuous Numerical Variables:</h2> \n",
    "\n",
    "<p>Continuous numerical variables are variables that may contain any value within some range. They can be of type \"int64\" or \"float64\". A great way to visualize these variables is by using scatterplots with fitted lines.</p>\n",
    "\n",
    "<p>In order to start understanding the (linear) relationship between an individual variable and the price, we can use \"regplot\" which plots the scatterplot plus the fitted regression line for the data. This will be useful later on for visualizing the fit of the simple linear regression model as well. </p>"
   ]
  },
  {
   "cell_type": "markdown",
   "id": "4bb83859",
   "metadata": {},
   "source": [
    "<h3>Positive Linear Relationship</h4>\n",
    "\n",
    "Let's find the scatterplot of \"engine-size\" and \"price\".\n"
   ]
  },
  {
   "cell_type": "code",
   "execution_count": 5,
   "id": "cd207145",
   "metadata": {},
   "outputs": [
    {
     "data": {
      "text/plain": [
       "(0.0, 53381.6571525598)"
      ]
     },
     "execution_count": 5,
     "metadata": {},
     "output_type": "execute_result"
    },
    {
     "data": {
